,seed,n_samples,n_features,n_clusters,k,Base Model_train,Base Model_valid,Base Model_mean_error,Naive Bayes_train,Naive Bayes_valid,Naive Bayes_mean_error,Decision Tree_train,Decision Tree_valid,Decision Tree_mean_error,Random Forest_train,Random Forest_valid,Random Forest_mean_error,Linear SVM_train,Linear SVM_valid,Linear SVM_mean_error,RBF SVM_train,RBF SVM_valid,RBF SVM_mean_error,MLP_train,MLP_valid,MLP_mean_error
0,0,10000,20,20,10,1.0,1.0,0.0,1.0,1.0,0.0,1.0,1.0,0.0,1.0,1.0,0.0,1.0,1.0,0.0,1.0,1.0,0.0,1.0,1.0,0.0
1,1,10000,20,20,10,1.0,1.0,0.0,1.0,1.0,0.0,1.0,1.0,0.0,1.0,1.0,0.0,1.0,1.0,0.0,1.0,1.0,0.0,1.0,1.0,0.0
2,2,10000,20,20,10,1.0,1.0,0.0,1.0,1.0,0.0,1.0,1.0,0.0,1.0,1.0,0.0,1.0,1.0,0.0,1.0,1.0,0.0,1.0,1.0,0.0
3,3,10000,20,20,10,1.0,1.0,0.0,1.0,1.0,0.0,1.0,1.0,0.0,1.0,1.0,0.0,1.0,1.0,0.0,1.0,1.0,0.0,1.0,1.0,0.0
4,4,10000,20,20,10,1.0,1.0,0.0,1.0,1.0,0.0,1.0,1.0,0.0,1.0,1.0,0.0,1.0,1.0,0.0,1.0,1.0,0.0,1.0,1.0,0.0
5,0,10000,20,20,10,1.0,1.0,0.0,1.0,1.0,0.0,1.0,1.0,0.0,1.0,1.0,0.0,1.0,1.0,0.0,1.0,1.0,0.0,1.0,1.0,0.0
6,1,10000,20,20,10,1.0,1.0,0.0,1.0,1.0,0.0,1.0,1.0,0.0,0.999875,1.0,0.0,1.0,1.0,0.0,1.0,1.0,0.0,1.0,1.0,0.0
7,2,10000,20,20,10,1.0,1.0,0.0,1.0,1.0,0.0,1.0,1.0,0.0,1.0,1.0,0.0,1.0,1.0,0.0,1.0,1.0,0.0,1.0,1.0,0.0
8,3,10000,20,20,10,1.0,1.0,0.0,1.0,1.0,0.0,1.0,1.0,0.0,1.0,1.0,0.0,1.0,1.0,0.0,1.0,1.0,0.0,1.0,1.0,0.0
9,4,10000,20,20,10,1.0,1.0,0.0,1.0,1.0,0.0,1.0,1.0,0.0,1.0,1.0,0.0,1.0,1.0,0.0,1.0,1.0,0.0,1.0,1.0,0.0
10,0,10000,20,20,10,1.0,1.0,0.0,1.0,1.0,0.0,1.0,1.0,0.0,1.0,1.0,0.0,1.0,1.0,0.0,1.0,1.0,0.0,1.0,1.0,0.0
11,1,10000,20,20,10,1.0,1.0,0.0,1.0,1.0,0.0,1.0,1.0,0.0,0.999625,1.0,0.0,1.0,1.0,0.0,1.0,1.0,0.0,1.0,1.0,0.0
12,2,10000,20,20,10,1.0,1.0,0.0,1.0,1.0,0.0,1.0,1.0,0.0,0.995125,1.0,0.0,1.0,1.0,0.0,1.0,1.0,0.0,1.0,1.0,0.0
13,3,10000,20,20,10,1.0,1.0,0.0,1.0,1.0,0.0,1.0,0.99,1.205608761989256,0.999875,1.0,0.0,1.0,1.0,0.0,1.0,1.0,0.0,1.0,1.0,0.0
14,4,10000,20,20,10,1.0,1.0,0.0,0.999875,1.0,0.0,1.0,1.0,0.0,0.998625,0.99,0.7680269013627623,1.0,1.0,0.0,0.999875,1.0,0.0,1.0,1.0,0.0
15,0,10000,20,20,10,1.0,1.0,0.0,1.0,1.0,0.0,1.0,1.0,0.0,0.9995,1.0,0.0,1.0,1.0,0.0,1.0,1.0,0.0,1.0,1.0,0.0
16,1,10000,20,20,10,1.0,1.0,0.0,1.0,1.0,0.0,1.0,1.0,0.0,0.999375,1.0,0.0,1.0,1.0,0.0,1.0,1.0,0.0,1.0,1.0,0.0
17,2,10000,20,20,10,1.0,1.0,0.0,1.0,1.0,0.0,1.0,0.97,2.872352466433704,0.994375,0.99,1.0549672643741277,1.0,1.0,0.0,1.0,1.0,0.0,1.0,1.0,0.0
18,3,10000,20,20,10,1.0,1.0,0.0,1.0,1.0,0.0,1.0,1.0,0.0,0.998625,1.0,0.0,1.0,1.0,0.0,1.0,1.0,0.0,1.0,1.0,0.0
19,4,10000,20,20,10,1.0,1.0,0.0,1.0,1.0,0.0,1.0,0.99,0.9734382714342079,0.997875,0.99,0.8210863547801059,1.0,1.0,0.0,1.0,1.0,0.0,1.0,1.0,0.0
20,0,10000,20,20,10,1.0,1.0,0.0,0.9995,1.0,0.0,1.0,1.0,0.0,0.99425,1.0,0.0,1.0,1.0,0.0,0.999375,1.0,0.0,1.0,1.0,0.0
21,1,10000,20,20,10,1.0,1.0,0.0,0.99925,1.0,0.0,1.0,1.0,0.0,0.995875,0.99,0.9966792413910693,1.0,1.0,0.0,0.99925,1.0,0.0,1.0,1.0,0.0
22,2,10000,20,20,10,1.0,1.0,0.0,0.998625,1.0,0.0,1.0,0.97,2.8736356961639897,0.989375,0.97,1.859991695335213,1.0,1.0,0.0,0.999125,1.0,0.0,1.0,1.0,0.0
23,3,10000,20,20,10,1.0,1.0,0.0,1.0,1.0,0.0,1.0,0.98,2.021488803073424,0.994125,0.99,0.8460137771820684,1.0,1.0,0.0,1.0,1.0,0.0,1.0,1.0,0.0
24,4,10000,20,20,10,1.0,1.0,0.0,1.0,1.0,0.0,1.0,0.98,1.6994826641246688,0.9935,0.99,0.874147207255876,1.0,1.0,0.0,1.0,1.0,0.0,1.0,1.0,0.0
25,0,10000,20,20,10,1.0,1.0,0.0,0.99975,1.0,0.0,1.0,0.93,7.35210424639018,0.975875,0.94,5.167333034293101,1.0,1.0,0.0,0.99975,1.0,0.0,1.0,1.0,0.0
26,1,10000,20,20,10,1.0,0.98,0.9279184286462855,0.99625,0.99,0.40013887314454805,1.0,0.97,2.2525507857047984,0.9865,0.99,0.9427181363951721,1.0,0.98,0.9279184286462855,0.996375,0.99,0.40013887314454805,1.0,0.98,0.9279184286462855
27,2,10000,20,20,10,1.0,1.0,0.0,0.999125,1.0,0.0,1.0,0.99,0.9231838258090624,0.982875,1.0,0.0,1.0,1.0,0.0,0.99875,1.0,0.0,1.0,1.0,0.0
28,3,10000,20,20,10,1.0,0.99,0.38399700174907514,0.996875,0.99,0.38399700174907514,1.0,0.98,1.9230324865493555,0.987375,0.95,4.437268019096016,1.0,1.0,0.0,0.996875,0.99,0.38399700174907514,1.0,1.0,0.0
29,4,10000,20,20,10,1.0,1.0,0.0,0.999125,1.0,0.0,1.0,0.98,1.8720549434673854,0.980375,0.94,4.915577965507509,1.0,1.0,0.0,0.99875,1.0,0.0,1.0,1.0,0.0
