,seed,n_samples,n_features,n_clusters,k,std,Base Model_train,Base Model_valid,Base Model_mean_error,Base Model_test,Naive Bayes_train,Naive Bayes_valid,Naive Bayes_mean_error,Naive Bayes_test,Decision Tree_train,Decision Tree_valid,Decision Tree_mean_error,Decision Tree_test,Random Forest_train,Random Forest_valid,Random Forest_mean_error,Random Forest_test,Linear SVM_train,Linear SVM_valid,Linear SVM_mean_error,Linear SVM_test,RBF SVM_train,RBF SVM_valid,RBF SVM_mean_error,RBF SVM_test,MLP_train,MLP_valid,MLP_mean_error,MLP_test
0,0,1000,20,20,2,1.5,1.0,1.0,0.0,1.0,1.0,1.0,0.0,1.0,1.0,0.975,7.216796729642353,0.93,1.0,1.0,0.0,1.0,1.0,1.0,0.0,1.0,1.0,1.0,0.0,1.0,1.0,1.0,0.0,1.0
1,1,1000,20,20,2,1.5,1.0,1.0,0.0,1.0,1.0,1.0,0.0,1.0,1.0,0.995,0.0,1.0,1.0,1.0,0.0,1.0,1.0,1.0,0.0,1.0,1.0,1.0,0.0,1.0,1.0,1.0,0.0,1.0
2,2,1000,20,20,2,1.5,1.0,1.0,0.0,1.0,1.0,1.0,0.0,1.0,1.0,1.0,1.2385101888037753,0.99,1.0,1.0,0.0,1.0,1.0,1.0,0.0,1.0,1.0,1.0,0.0,1.0,1.0,1.0,0.0,1.0
3,3,1000,20,20,2,1.5,1.0,1.0,0.0,1.0,0.99875,1.0,0.0,1.0,1.0,0.99,3.3317637221917216,0.96,0.9975,0.995,0.8612266417042633,0.99,1.0,1.0,0.0,1.0,0.9975,1.0,0.0,1.0,1.0,1.0,0.0,1.0
4,4,1000,20,20,2,1.5,1.0,1.0,0.0,1.0,1.0,1.0,0.0,1.0,1.0,0.995,0.8755495194270553,0.99,1.0,1.0,0.9364230131056724,0.99,1.0,1.0,0.0,1.0,1.0,1.0,0.0,1.0,1.0,1.0,0.0,1.0
5,0,5000,20,20,5,1.5,1.0,1.0,0.0,1.0,1.0,0.999,0.0,1.0,1.0,0.993,0.0,1.0,1.0,0.999,0.0,1.0,1.0,0.999,0.0,1.0,1.0,0.999,0.0,1.0,1.0,0.999,0.0,1.0
6,1,5000,20,20,5,1.5,1.0,1.0,0.0,1.0,1.0,1.0,0.0,1.0,1.0,0.991,0.0,1.0,0.999,0.998,0.0,1.0,1.0,1.0,0.0,1.0,1.0,1.0,0.0,1.0,1.0,1.0,0.0,1.0
7,2,5000,20,20,5,1.5,1.0,1.0,0.0,1.0,0.999,0.997,0.0,1.0,1.0,0.985,0.9332281025929581,0.99,0.999,0.998,0.0,1.0,1.0,0.998,0.0,1.0,0.999,0.997,0.0,1.0,1.0,0.997,0.0,1.0
8,3,5000,20,20,5,1.5,1.0,1.0,0.0,1.0,0.9985,1.0,0.0,1.0,1.0,0.997,0.0,1.0,0.99975,0.999,0.0,1.0,1.0,1.0,0.0,1.0,1.0,1.0,0.0,1.0,1.0,1.0,0.0,1.0
9,4,5000,20,20,5,1.5,1.0,1.0,0.0,1.0,1.0,1.0,0.0,1.0,1.0,0.997,0.0,1.0,1.0,1.0,0.0,1.0,1.0,1.0,0.0,1.0,1.0,1.0,0.0,1.0,1.0,1.0,0.0,1.0
10,0,10000,20,20,10,1.5,1.0,1.0,0.0,1.0,1.0,1.0,0.0,1.0,1.0,0.993,0.9596613814623283,0.99,1.0,1.0,0.0,1.0,1.0,1.0,0.0,1.0,1.0,1.0,0.0,1.0,1.0,1.0,0.0,1.0
11,1,10000,20,20,10,1.5,1.0,1.0,0.0,1.0,1.0,1.0,0.0,1.0,1.0,0.9975,0.0,1.0,0.999875,0.9995,0.0,1.0,1.0,1.0,0.0,1.0,1.0,1.0,0.0,1.0,1.0,1.0,0.0,1.0
12,2,10000,20,20,10,1.5,1.0,1.0,0.0,1.0,1.0,1.0,0.0,1.0,1.0,0.9975,1.6855102187996696,0.98,0.99725,0.9935,0.0,1.0,1.0,1.0,0.0,1.0,1.0,1.0,0.0,1.0,1.0,1.0,0.0,1.0
13,3,10000,20,20,10,1.5,1.0,1.0,0.0,1.0,1.0,1.0,0.0,1.0,1.0,0.9965,0.0,1.0,0.996875,0.9975,0.0,1.0,1.0,1.0,0.0,1.0,1.0,1.0,0.0,1.0,1.0,1.0,0.0,1.0
14,4,10000,20,20,10,1.5,1.0,1.0,0.0,1.0,1.0,1.0,0.0,1.0,1.0,0.9975,0.0,1.0,0.999625,1.0,0.0,1.0,1.0,1.0,0.0,1.0,1.0,1.0,0.0,1.0,1.0,1.0,0.0,1.0
15,0,50000,20,20,50,1.5,1.0,1.0,9.013156184614738,0.6,0.9694,0.9573,8.848364676390643,0.6,1.0,0.684,11.146908062326764,0.51,0.5535,0.5421,11.26026280084541,0.49,0.996775,0.9914,9.013156184614738,0.6,0.98725,0.9767,8.525880148460697,0.62,0.9711,0.9337,9.479042665303558,0.58
16,1,50000,20,20,50,1.5,1.0,1.0,7.000343351072417,0.68,0.968425,0.965,7.877506250838715,0.65,1.0,0.6788,10.138519968145884,0.57,0.5783,0.5645,9.939193290830135,0.56,0.99705,0.9918,6.786613030744938,0.69,0.986575,0.9809,6.245910598336109,0.72,0.985925,0.9459,7.164727233673384,0.68
17,2,50000,20,20,50,1.5,1.0,1.0,7.061550640809548,0.7,0.967675,0.9588,6.842798706380704,0.71,1.0,0.6905,9.696584523338213,0.58,0.58695,0.5718,12.2558991037729,0.46,0.9969,0.9907,7.061550640809548,0.7,0.986,0.9802,6.82465159196243,0.71,0.990825,0.9534,6.55744499035559,0.72
18,3,50000,20,20,50,1.5,1.0,1.0,6.211662715382465,0.74,0.96685,0.9553,6.115775246849396,0.74,1.0,0.6941,9.554424838430608,0.6,0.6058,0.5963,8.543968201951234,0.62,0.996675,0.9907,6.502230114242856,0.73,0.98675,0.9792,6.6773961197775975,0.72,0.98675,0.9453,7.48968651587271,0.72
19,4,50000,20,20,50,1.5,1.0,1.0,7.735641745850123,0.66,0.969525,0.9593,7.504673277901068,0.67,1.0,0.6696,10.296558467906369,0.55,0.57145,0.5507,8.511862955168123,0.63,0.997,0.9897,7.735641745850123,0.66,0.985025,0.9748,7.529874905937907,0.67,0.985925,0.943,7.341538551055745,0.68
20,0,100000,20,20,100,1.5,1.0,1.0,10.413409816938309,0.53,0.9530375,0.9417,10.4617900950722,0.53,1.0,0.49425,12.491788568157745,0.42,0.3715625,0.3637,15.646111622975704,0.3,0.9929875,0.9797,10.409463653920671,0.53,0.9761625,0.96615,10.46147145980296,0.53,0.958925,0.9175,9.311357492717482,0.57
21,1,100000,20,20,100,1.5,1.0,1.0,9.441577650278987,0.59,0.9557875,0.9439,9.408615636582631,0.59,1.0,0.4946,13.156913760550507,0.42,0.3690375,0.35555,16.21360400930527,0.3,0.99335,0.98145,9.20600234285365,0.6,0.9771125,0.9661,9.008201652226342,0.61,0.969575,0.92245,10.74970681287654,0.57
22,2,100000,20,20,100,1.5,1.0,1.0,10.971596194170857,0.51,0.9547625,0.94255,10.549678262644766,0.54,1.0,0.4972,14.198696503059171,0.4,0.360375,0.3488,13.749978332504947,0.39,0.9937125,0.9797,11.274328434508465,0.5,0.9772,0.96515,11.094633553529615,0.51,0.9669625,0.9198,9.270433848860637,0.58
23,3,100000,20,20,100,1.5,1.0,1.0,10.013086125505595,0.57,0.9524625,0.93855,9.92842576057263,0.57,1.0,0.50395,15.09999870829165,0.36,0.35345,0.34305,15.22585497260273,0.36,0.9930375,0.9785,9.771614027407809,0.58,0.9780125,0.9649,9.936378180364787,0.57,0.96105,0.91365,10.110772271538469,0.56
24,4,100000,20,20,100,1.5,1.0,1.0,10.811711507196042,0.52,0.9560125,0.9424,10.43133908997371,0.54,1.0,0.4922,14.158690726478083,0.35,0.3701875,0.35605,17.003230952378598,0.23,0.99315,0.9794,10.811711507196042,0.52,0.9767875,0.96645,10.633989347461458,0.53,0.9625375,0.91605,10.332059006777962,0.55
